cytus 5 26 0 0000100000000000000000000000000000000000000000000000000000000000000000404440044000000000000000000000000000000000000000000000000000040400000000000000000000004000000000000000000000000000000000000000000400000000000000000000000000000000000000000000000000000000000000000000000000000000000000000000000000000000000000000000000000000000000000000000000000000000000000000000000000000000000000000000000000000000
AdaWong 2 29 0 0100000000000000000000044400400400000004000000000000000000004400200204000000000000000000000000000000000000000000000000000000000000000000000000000000000000000000000000000000000000000004000000000000000000000000000000000000000000000000000000000000000000000000000000000000000000000000000000000000000000000000000000000000000000000000000000000000000000000000000000000000000000000000000000000000000000000000
水无月 11 30 0 0000000000100000000000000000000000000000044020404000044000420020000002000000000000000000000000000000000000000000000000000000000000000000000000002200000000000000000000000000000000002000000000000000000000000000000000000000000000000000000000000000000000000000000000000000000000000000000000000000000000000000000000000000000000000000000000000000000000000000000000000000000000000000000000000000000000000000
versus 8 26 0 0000000100000000000004002340000400000444000000000000000000000000000000000000000000000000000044020000000000000000000000000000000000000000000000000000000000004000000000000000000000000000000000000000000000000000000000000000000000000000000000000000000000000000000000000000000000000000000000000000000000000000000000000000000000000000000000000000000000000000000000000000000000000000000000000000000000000000
阿狸 6 26 0 0000010000000000000000004400000200400222000000000000000000000000000000002424040000000000000000000000000000000000000000000000000000000000000400000000004000000000000000000000000000000000000000000000000000000000000000000000000000000000000000000000000000000000000000000000000000000000000000000000000000000000000000000000000000000000000000000000000000000000000000000000000000000000000000000000000000000000
无缘今生 15 26 0 0000000000000010000000000000000000000000040000040004000004000000000000400404040000000000000000000000000000000000000000000000000000000000000040000000000000000003000000000000000000000000000000000000000000000000000000000000000000000000000000000000000000000000000000000000000000000000000000000000000000000000000000000000000000000000000000000000000000000000000000000000000000000000000000000000000000000000
紫月心辰 11 30 0 0000000000100000000000000000000000000000004403000000000222020022204044000000000000000000000000000000000000000000000000000000000000000000000000000000000000002000000000000000000000000000000000000000000000000000000000000000000000000000000000000000000000000000000000000000000000000000000000000000000000000000000000000000000000000000000000000000000000000000000000000000000000000000000000000000000000000000
若伊 11 30 0 0000000000100000000000000000000000000000004403000000000222020022204044000000000000000000000000000000000000000000000000000000000000000000000000000000000000002000000000000000000000000000000000000000000000000000000000000000000000000000000000000000000000000000000000000000000000000000000000000000000000000000000000000000000000000000000000000000000000000000000000000000000000000000000000000000000000000000
大号的猪 11 29 0 0000000000100000000000000000000000000000111111111111111111110012104044000000000000000000000000000000000000000000000000000000000000000000000000000000000000002002000000000000000000000000000000000000000000000000000000000000000000000000000000000000000000000000000000000000000000000000000000000000000000000000000000000000000000000000000000000000000000000000000000000000000000000000000000000000000000000000
风雨路共契道 2 30 0 0100000000000000000000044400400400000004000000000000000000004400200204000000000000000000000000000000000000000000000000000000000000000000000000000000000000000000000000000000000000000004000000000000000000000000000000000000000000000000000000000000000000000000000000000000000000000000000000000000000000000000000000000000000000000000000000000000000000000000000000000000000000000000000000000000000000000000
同志们冲啊 5 26 0 0000100000000000000040004400000300002403000000000000000000000000000000400404000000000000000000000000000000000000000000000000000000000000000000000000000000000000003000000000000000000000000000000000000000000000000000000000000000000000000000000000000000000000000000000000000000000000000000000000000000000000000000000000000000000000000000000000000000000000000000000000000000000000000000000000000000000000
简单 11 29 0 0000000000100000000000000000000000000000004403000000000222020022204044000000000000000000000000000000000000000000000000000000000000000000000000000000000000002000000000000000000000000000000000000000000000000000000000000000000000000000000000000000000000000000000000000000000000000000000000000000000000000000000000000000000000000000000000000000000000000000000000000000000000000000000000000000000000000000
ababa 1 30 0 1000000000000000000040004440000400002433000000000000000000000000200002000000000000000000000000000000000000000000000000000000000000000000000000000000000000000000000040000000000000000000000000000000000000000000000000000000000000000000000000000000000000000000000000000000000000000000000000000000000000000000000000000000000000000000000000000000000000000000000000000000000000000000000000000000000000000000
河南快刀斩 1 29 0 1000000000000000000040004440000400002433000000000000000000000000200002000000000000000000000000000000000000000000000000000000000000000000000000000000000000000000000040000000000000000000000000000000000000000000000000000000000000000000000000000000000000000000000000000000000000000000000000000000000000000000000000000000000000000000000000000000000000000000000000000000000000000000000000000000000000000000
SemperFi 11 30 0 0000000000100000000000000000000000000000044020404000044000420020000002000000000000000000000000000000000000000000000000000000000000000000000000002200000000000000000000000000000000002000000000000000000000000000000000000000000000000000000000000000000000000000000000000000000000000000000000000000000000000000000000000000000000000000000000000000000000000000000000000000000000000000000000000000000000000000
发条橙子 6 25 0 0000010000000000000000000000000000400000000000000000000000000000000000442424040000000000000000000000000000000000000000000000000000000000000000000000000000002000030000000003000000000000000003000000000000000000000000000000000000000000000000000000000000000000000000000000000000000000000000000000000000000000000000000000000000000000000000000000000000000000000000000000000000000000000000000000000000000000
何弃疗 5 25 0 0000100000000000000000000000000000000000000000000000000000000000000000442424040300000000000000000000000000000000000000000000000000000000000000000000000000002002040000000004000000000000000000000000000000000000000000000000000000000000000000000000000000000000000000000000000000000000000000000000000000000000000000000000000000000000000000000000000000000000000000000000000000000000000000000000000000000000
孟跑堂 11 30 0 0000000000100000000000000000000000000000044020404000044000420020000002000000000000000000000000000000000000000000000000000000000000000000000000002200000000000000000000000000000000002000000000000000000000000000000000000000000000000000000000000000000000000000000000000000000000000000000000000000000000000000000000000000000000000000000000000000000000000000000000000000000000000000000000000000000000000000
异体 5 26 0 0000100000000000000000000000000000400044000000000000000000000000000000400404040000000000000000000000000000000000000000000000000000040400000000000000000000000000000000000000000000000000000000000000000400000000000000000000000000000000000000000000000000000000000000000000000000000000000000000000000000000000000000000000000000000000000000000000000000000000000000000000000000000000000000000000000000000000
小hanx 15 25 0 0000000000000010000000000000000000000000022020402002024000220000000000400402400000000000000000000000000000000000000000000000000000000000000000000000000000000000000000000000000000200000000002000000000200000000000000000000000000000000000000000000000000000000000000000000000000000000000000000000000000000000000000000000000000000000000000000000000000000000000000000000000000000000000000000000000000000000
同班同学 15 26 0 0000000000000010000000000000000000000000002040402002024000200000000000400402420000000000000000000000000000000000000000000000000000000000000000000000000000000000000000000000000000000000000000000000000400000000000000000000000000000000000000000000000000000000000000000000000000000000000000000000000000000000000000000000000000000000000000000000000000000000000000000000000000000000000000000000000000000000
百鬼夜行 11 27 0 0000000000100000000000000000000000000000044020404000040000420420000000000000000000000000000000000000000000000000000000000000000000000000000000004200000000000000000000000000000000004000000000000000000000000000000000000000000000000000000000000000000000000000000000000000000000000000000000000000000000000000000000000000000000000000000000000000000000000000000000000000000000000000000000000000000000000000
Dear 6 24 0 0000010000000000000000004400000200400222000000000000000000000000000000002424040000000000000000000000000000000000000000000000000000000000000400000000004000000000000000000000000000000000000000000000000000000000000000000000000000000000000000000000000000000000000000000000000000000000000000000000000000000000000000000000000000000000000000000000000000000000000000000000000000000000000000000000000000000000
傲慢腹黑喵 15 24 0 0000000000000010000000000000000000000000022020402002024000220000000000400402400000000000000000000000000000000000000000000000000000000000000000000000000000000000000000000000000000200000000002000000000200000000000000000000000000000000000000000000000000000000000000000000000000000000000000000000000000000000000000000000000000000000000000000000000000000000000000000000000000000000000000000000000000000000
BLO 6 24 0 0000010000000000000000004400002400400403000000000000000000000000000000420404000000000000000000000000000000000000000000000000000000000000000000000000000000000000000000000000000000000000000000000000000000000000000000000000000000000000000000000000000000000000000000000000000000000000000000000000000000000000000000000000000000000000000000000000000000000000000000000000000000000000000000000000000000000000
蛋黄君 5 26 0 0000100000000000000000000000000000000000000000000000000000000000000000404440044000000000000000000000000000000000000000000000000000040400000000000000000000004000000000000000000000000000000000000000000400000000000000000000000000000000000000000000000000000000000000000000000000000000000000000000000000000000000000000000000000000000000000000000000000000000000000000000000000000000000000000000000000000000
冰激 15 25 0 0000000000000010000000000000000000000000002040402002024000200000000000400402420000000000000000000000000000000000000000000000000000000000000000000000000000000000000000000000000000000000000000000000000400000000000000000000000000000000000000000000000000000000000000000000000000000000000000000000000000000000000000000000000000000000000000000000000000000000000000000000000000000000000000000000000000000000
帆 6 26 0 0000010000000000000000004400002400400403000000000000000000000000000000420404000000000000000000000000000000000000000000000000000000000000000000000000000000000000000000000000000000000000000000000000000000000000000000000000000000000000000000000000000000000000000000000000000000000000000000000000000000000000000000000000000000000000000000000000000000000000000000000000000000000000000000000000000000000000
这是昵称 6 23 0 0000010000000000000000004400000200400222000000000000000000000000000000002424040000000000000000000000000000000000000000000000000000000000000400000000004000000000000000000000000000000000000000000000000000000000000000000000000000000000000000000000000000000000000000000000000000000000000000000000000000000000000000000000000000000000000000000000000000000000000000000000000000000000000000000000000000000000
古人诚不欺我 5 23 0 0000100000000000000000000000000000400044000000000000000000000000000000400404040000000000000000000000000000000000000000000000000000040400000000000000000000000000000000000000000000000000000000000000000400000000000000000000000000000000000000000000000000000000000000000000000000000000000000000000000000000000000000000000000000000000000000000000000000000000000000000000000000000000000000000000000000000000
三分之一维 15 25 0 0000000000000010000000000000000000000000022020402002024000220000000000400402420000000000000000000000000000000000000000000000000000000000000000000000000000000000000000000000000000000000000000000000000400000000000000000000000000000000000000000000000000000000000000000000000000000000000000000000000000000000000000000000000000000000000000000000000000000000000000000000000000000000000000000000000000000000
铱菰傲 6 22 0 0000010000000000000000000000000000400000000000000000000000000000000000442424040000000000000000000000000000000000000000000000000000000000000000000000000000002000030000000003000000000000000003000000000000000000000000000000000000000000000000000000000000000000000000000000000000000000000000000000000000000000000000000000000000000000000000000000000000000000000000000000000000000000000000000000000000000000
翻开冰山 8 24 0 0000000100000000000000000440000400000444000000000000000000000000000000000000000000000000000044000000000000000000000000000000000000000000000000000000000000004000000040000000000000000000000000000000000000000000000000000000000000000000000000000000000000000000000000000000000000000000000000000000000000000000000000000000000000000000000000000000000000000000000000000000000000000000000000000000000000000000
钧临 11 28 0 0000000000100000000000000000000000000000044020404000040000420420000000000000000000000000000000000000000000000000000000000000000000000000000000004200000000000000000000000000000000004000000000000000000000000000000000000000000000000000000000000000000000000000000000000000000000000000000000000000000000000000000000000000000000000000000000000000000000000000000000000000000000000000000000000000000000000000
湮殁之螭 15 24 0 0000000000000010000000000000000000000000022020402002024000220000000000400402400000000000000000000000000000000000000000000000000000000000000000000000000000000000000000000000000000200000000002000000000200000000000000000000000000000000000000000000000000000000000000000000000000000000000000000000000000000000000000000000000000000000000000000000000000000000000000000000000000000000000000000000000000000000
HalfNumen 15 25 0 0000000000000010000000000000000000000000000000000000000000000000000000441424040200000000000000000000000000000000000000000000000000000000000000000000200000000002000000000004000000300000000040000000000000000000000000000000000000000000000000000000000000000000000000000000000000000000000000000000000000000000000000000000000000000000000000000000000000000000000000000000000000000000000000000000000000000000
JinSun 8 25 0 0000000100000000000004002340000400000444000000000000000000000000000000000000000000000000000044020000000000000000000000000000000000000000000000000000000000004000000000000000000000000000000000000000000000000000000000000000000000000000000000000000000000000000000000000000000000000000000000000000000000000000000000000000000000000000000000000000000000000000000000000000000000000000000000000000000000000000
Yuri 15 22 0 0000000000000010000000000000000000000000022020402002024000220000000000400402400000000000000000000000000000000000000000000000000000000000000000000000000000000000000000000000000000200000000002000000000200000000000000000000000000000000000000000000000000000000000000000000000000000000000000000000000000000000000000000000000000000000000000000000000000000000000000000000000000000000000000000000000000000000
BiuBiu 15 24 0 0000000000000010000000000000000000000000022020402002024000220000000000400402420000000000000000000000000000000000000000000000000000000000000000000000000000000000000000000000000000000000000000000000000400000000000000000000000000000000000000000000000000000000000000000000000000000000000000000000000000000000000000000000000000000000000000000000000000000000000000000000000000000000000000000000000000000000
5fine 11 28 0 0000000000100000000000000000000000000000004403000000000222020022204044000000000000000000000000000000000000000000000000000000000000000000000000000000000000002000000000000000000000000000000000000000000000000000000000000000000000000000000000000000000000000000000000000000000000000000000000000000000000000000000000000000000000000000000000000000000000000000000000000000000000000000000000000000000000000000
邻暖人生 8 25 0 0000000100000000000000000440000400000444000000000000000000000000000000000000000000000000000044000000000000000000000000000000000000000000000000000000000000004000000040000000000000000000000000000000000000000000000000000000000000000000000000000000000000000000000000000000000000000000000000000000000000000000000000000000000000000000000000000000000000000000000000000000000000000000000000000000000000000000
面具 5 22 0 0000100000000000000040004400000300002403000000000000000000000000000000400404000000000000000000000000000000000000000000000000000000000000000000000000000000000000003000000000000000000000000000000000000000000000000000000000000000000000000000000000000000000000000000000000000000000000000000000000000000000000000000000000000000000000000000000000000000000000000000000000000000000000000000000000000000000000
不倾城不做 6 22 0 0000010000000000000000000000000000400000000000000000000000000000000000442424040000000000000000000000000000000000000000000000000000000000000000000000000000002000030000000003000000000000000003000000000000000000000000000000000000000000000000000000000000000000000000000000000000000000000000000000000000000000000000000000000000000000000000000000000000000000000000000000000000000000000000000000000000000000
落5秒 6 23 0 0000010000000000000000004400000200400222000000000000000000000000000000002424040000000000000000000000000000000000000000000000000000000000000400000000004000000000000000000000000000000000000000000000000000000000000000000000000000000000000000000000000000000000000000000000000000000000000000000000000000000000000000000000000000000000000000000000000000000000000000000000000000000000000000000000000000000000
月亮一族 6 22 0 0000010000000000000000000000000000400000000000000000000000000000000000442424040000000000000000000000000000000000000000000000000000000000000000000000000000002000030000000003000000000000000003000000000000000000000000000000000000000000000000000000000000000000000000000000000000000000000000000000000000000000000000000000000000000000000000000000000000000000000000000000000000000000000000000000000000000000
Rush 15 22 0 0000000000000010000000000000000000000000000000000000000000000000000000441424040200000000000000000000000000000000000000000000000000000000000000000000200000000002000000000004000000300000000040000000000000000000000000000000000000000000000000000000000000000000000000000000000000000000000000000000000000000000000000000000000000000000000000000000000000000000000000000000000000000000000000000000000000000000
一不见不散 5 22 0 0000100000000000000000000000000000000000000000000000000000000000000000404440044000000000000000000000000000000000000000000000000000040400000000000000000000004000000000000000000000000000000000000000000400000000000000000000000000000000000000000000000000000000000000000000000000000000000000000000000000000000000000000000000000000000000000000000000000000000000000000000000000000000000000000000000000000000
邪恶 15 22 0 0000000000000010000000000000000000000000002040402002024000200000000000400402420000000000000000000000000000000000000000000000000000000000000000000000000000000000000000000000000000000000000000000000000400000000000000000000000000000000000000000000000000000000000000000000000000000000000000000000000000000000000000000000000000000000000000000000000000000000000000000000000000000000000000000000000000000000
鼓动 1 27 0 1000000000000000000040004440000400002433000000000000000000000000200002000000000000000000000000000000000000000000000000000000000000000000000000000000000000000000000030000000000000000004000000000000000000000000000000000000000000000000000000000000000000000000000000000000000000000000000000000000000000000000000000000000000000000000000000000000000000000000000000000000000000000000000000000000000000000000
skywalker 6 21 0 0000010000000000000000004400002200400222000000000000000000000000000000040004000400000000000000000000000000000000000000000000000000000000000000000000000000002000000000000000000000000000000004000000000000000000000000000000000000000000000000000000000000000000000000000000000000000000000000000000000000000000000000000000000000000000000000000000000000000000000000000000000000000000000000000000000000000000
伊f狼 6 23 0 0000010000000000000000000000000000400000000000000000000000000000000000442424040000000000000000000000000000000000000000000000000000000000000000000000000000002000030000000003000000000000000003000000000000000000000000000000000000000000000000000000000000000000000000000000000000000000000000000000000000000000000000000000000000000000000000000000000000000000000000000000000000000000000000000000000000000000
裘羽 5 23 0 0000100000000000000000000000000000400044000000000000000000000000000000400404040000000000000000000000000000000000000000000000000000040400000000000000000000000000000000000000000000000000000000000000000400000000000000000000000000000000000000000000000000000000000000000000000000000000000000000000000000000000000000000000000000000000000000000000000000000000000000000000000000000000000000000000000000000000
Charoro 1 26 0 1000000000000000000040004440000400002433000000000000000000000000200002000000000000000000000000000000000000000000000000000000000000000000000000000000000000000000000040000000000000000000000000000000000000000000000000000000000000000000000000000000000000000000000000000000000000000000000000000000000000000000000000000000000000000000000000000000000000000000000000000000000000000000000000000000000000000000
好久不见 5 22 0 0000100000000000000040004400000300002403000000000000000000000000000000400404000000000000000000000000000000000000000000000000000000000000000000000000000000000000003000000000000000000000000000000000000000000000000000000000000000000000000000000000000000000000000000000000000000000000000000000000000000000000000000000000000000000000000000000000000000000000000000000000000000000000000000000000000000000000
进击的防卫者 15 22 0 0000000000000010000000000000000000000000023422412100200000000000000000400404000000000000000000000000000000000000000000000000000000000000000000000000000000002002000000000000000000000000000000000000000000000000000000000000000000000000000000000000000000000000000000000000000000000000000000000000000000000000000000000000000000000000000000000000000000000000000000000000000000000000000000000000000000000000
恺 2 24 0 0100000000000000000000044400400400000004000000000000000000004400200204000000000000000000000000000000000000000000000000000000000000000000000000000000000000000000000000000000000000000004000000000000000000000000000000000000000000000000000000000000000000000000000000000000000000000000000000000000000000000000000000000000000000000000000000000000000000000000000000000000000000000000000000000000000000000000
DMC 1 24 0 1000000000000000000000404000000000000400000000000000000000000004000000000000000000000000000000000000000000000000000000000000000000000340000000000000000000404004000000000000000000000000000400000000000000000000000000000000000000000000000000000000000000000000000000000000000000000000000000000000000000000000000000000000000000000000000000000000000000000000000000000000000000000000000000000000000000000000
Often 8 20 0 0000000100000000000040000400000000003000000000000000000000000000000000000000000000000000004040214004000000000000000000000000000000020000000000000000000000003000000000000000000000000000000000004000000000000000000000000000000000000000000000000000000000000000000000000000000000000000000000000000000000000000000000000000000000000000000000000000000000000000000000000000000000000000000000000000000000000000
勇敢的心 1 27 0 1000000000000000000030000440000300000040000000000000000000000002243004000000000000000000000000000000000000000000000000000000000000000000000000000000000000002000000000000000004000000000000000000000000000000000000000000000000000000000000000000000000000000000000000000000000000000000000000000000000000000000000000000000000000000000000000000000000000000000000000000000000000000000000000000000000000000000
蒙古国海军 5 22 0 0000100000000000000000404000000000000400000000000000000000000000000000202120002000000000000000000000000000000000000000000000000000000020000000000000000000404004000000000000000000000000000000400000000000000000000000000000000000000000000000000000000000000000000000000000000000000000000000000000000000000000000000000000000000000000000000000000000000000000000000000000000000000000000000000000000000000000
小猴子 5 21 0 0000100000000000000040000400000300040000000000000000000000000000000000440404000400000000000000000000000000000000000000000000000000020000000000000000000000002000000000000000000000000000000000000000000000000000000000000000000000000000000000000000000000000000000000000000000000000000000000000000000000000000000000000000000000000000000000000000000000000000000000000000000000000000000000000000000000000000
Death1死 5 21 0 0000100000000000000040004404000300000000000000000000000000000000000000430404000300000000000000000000000000000000000000000000000000000000000000000000000000002000000000000000000000000000000000000000000000000000000000000000000000000000000000000000000000000000000000000000000000000000000000000000000000000000000000000000000000000000000000000000000000000000000000000000000000000000000000000000000000000000
CAN 8 19 0 0000000100000000000040000000000300040423000000000000000000000000000000000000000000000000004040300002000000000000000000000000000000020000000000000000000000000000000000000000000000000000000000000040000000000000000000000000000000000000000000000000000000000000000000000000000000000000000000000000000000000000000000000000000000000000000000000000000000000000000000000000000000000000000000000000000000000000
寒山客栈店 1 26 0 1000000000000000000040004440000400002433000000000000000000000000200002000000000000000000000000000000000000000000000000000000000000000000000000000000000000000000000040000000000000000000000000000000000000000000000000000000000000000000000000000000000000000000000000000000000000000000000000000000000000000000000000000000000000000000000000000000000000000000000000000000000000000000000000000000000000000000
抠脚的小郭 15 21 0 0000000000000010000000000000000000000000000000000000000000000000000000441424040200000000000000000000000000000000000000000000000000000000000000000000200000000002000000000004000000300000000040000000000000000000000000000000000000000000000000000000000000000000000000000000000000000000000000000000000000000000000000000000000000000000000000000000000000000000000000000000000000000000000000000000000000000000
巷雨 1 25 0 1000000000000000000040004400000300202000000000000000000000000022204134000000000000000000000000000000000000000000000000000000000000000000000000000000000000002000000000000000000000000000000000000000000000000000000000000000000000000000000000000000000000000000000000000000000000000000000000000000000000000000000000000000000000000000000000000000000000000000000000000000000000000000000000000000000000000000
克苏鲁的触手 2 24 0 0100000000000000000000030000000000000000000000000000000000000303104244000000000000000000000000000000000000000000000000000000000000040000000000000000004000000000030000000000000000000400000000000000000000000000000000000000000000000000000000000000000000000000000000000000000000000000000000000000000000000000000000000000000000000000000000000000000000000000000000000000000000000000000000000000000000000000
心照 5 20 0 0000100000000000000000000000000000000000000000000000000000000000000000404440044000000000000000000000000000000000000000000000000000040400000000000000000000004000000000000000000000000000000000000000000400000000000000000000000000000000000000000000000000000000000000000000000000000000000000000000000000000000000000000000000000000000000000000000000000000000000000000000000000000000000000000000000000000000
水鱼 5 19 0 0000100000000000000000000000000000400044000000000000000000000000000000400404040000000000000000000000000000000000000000000000000000040400000000000000000000000000000000000000000000000000000000000000000400000000000000000000000000000000000000000000000000000000000000000000000000000000000000000000000000000000000000000000000000000000000000000000000000000000000000000000000000000000000000000000000000000000
OO 8 20 0 0000000100000000000000000440000400000444000000000000000000000000000000000000000000000000000044000000000000000000000000000000000000000000000000000000000000004000000040000000000000000000000000000000000000000000000000000000000000000000000000000000000000000000000000000000000000000000000000000000000000000000000000000000000000000000000000000000000000000000000000000000000000000000000000000000000000000000
Jason.Fan 1 25 0 1000000000000000000040004440000400002433000000000000000000000000200002000000000000000000000000000000000000000000000000000000000000000000000000000000000000000000000040000000000000000000000000000000000000000000000000000000000000000000000000000000000000000000000000000000000000000000000000000000000000000000000000000000000000000000000000000000000000000000000000000000000000000000000000000000000000000000
Myaybach 1 23 0 1000000000000000000030000440000300000040000000000000000000000002243004000000000000000000000000000000000000000000000000000000000000000000000000000000000000002000000000000000004000000000000000000000000000000000000000000000000000000000000000000000000000000000000000000000000000000000000000000000000000000000000000000000000000000000000000000000000000000000000000000000000000000000000000000000000000000000
Lincoln 1 22 0 1000000000000000000000404000000000000400000000000000000000000004000000000000000000000000000000000000000000000000000000000000000000000340000000000000000000404004000000000000000000000000000400000000000000000000000000000000000000000000000000000000000000000000000000000000000000000000000000000000000000000000000000000000000000000000000000000000000000000000000000000000000000000000000000000000000000000000
死皮赖脸 11 23 0 0000000000100000000000000000000000000000111111111111111111110012104044000000000000000000000000000000000000000000000000000000000000000000000000000000000000002002000000000000000000000000000000000000000000000000000000000000000000000000000000000000000000000000000000000000000000000000000000000000000000000000000000000000000000000000000000000000000000000000000000000000000000000000000000000000000000000000
骑着毛驴去 1 22 0 1000000000000000000040004440000400002433000000000000000000000000200002000000000000000000000000000000000000000000000000000000000000000000000000000000000000000000000030000000000000000004000000000000000000000000000000000000000000000000000000000000000000000000000000000000000000000000000000000000000000000000000000000000000000000000000000000000000000000000000000000000000000000000000000000000000000000000
海边的卡夫卡 15 20 0 0000000000000010000000000000000000000000404410400000000000000000000000401414000000000000000000000000000000000000000000000000000000000000000000020000300000003000000000000000000000000000000000000000000000000000000000000000000000000000000000000000000000000000000000000000000000000000000000000000000000000000000000000000000000000000000000000000000000000000000000000000000000000000000000000000000000000000
TIME 11 24 0 0000000000100000000000000000000000000000044020404000040000420420000000000000000000000000000000000000000000000000000000000000000000000000000000004200000000000000000000000000000000004000000000000000000000000000000000000000000000000000000000000000000000000000000000000000000000000000000000000000000000000000000000000000000000000000000000000000000000000000000000000000000000000000000000000000000000000000
大眼仔 11 23 0 0000000000100000000000000000000000000000004403000000000222020022204044000000000000000000000000000000000000000000000000000000000000000000000000000000000000002000000000000000000000000000000000000000000000000000000000000000000000000000000000000000000000000000000000000000000000000000000000000000000000000000000000000000000000000000000000000000000000000000000000000000000000000000000000000000000000000000
鱿裤多 6 20 0 0000010000000000000000004400000200400222000000000000000000000000000000002424040000000000000000000000000000000000000000000000000000000000000400000000004000000000000000000000000000000000000000000000000000000000000000000000000000000000000000000000000000000000000000000000000000000000000000000000000000000000000000000000000000000000000000000000000000000000000000000000000000000000000000000000000000000000
冰@早眠草 6 20 0 0000010000000000000040004400300300302000000000000000000000000000000000400404000000000000000000000000000000000000000000000000000000000000000000000000000000004000000000000000000000000000000000000000000000000000000000000000000000000000000000000000000000000000000000000000000000000000000000000000000000000000000000000000000000000000000000000000000000000000000000000000000000000000000000000000000000000000
进击的喵 15 19 0 0000000000000010000000000000000000000000023422412100200000000000000000400404000000000000000000000000000000000000000000000000000000000000000000000000000000002002000000000000000000000000000000000000000000000000000000000000000000000000000000000000000000000000000000000000000000000000000000000000000000000000000000000000000000000000000000000000000000000000000000000000000000000000000000000000000000000000
暴力倾向女 6 17 0 0000010000000000000040004400300300302000000000000000000000000000000000400404000000000000000000000000000000000000000000000000000000000000000000000000000000004000000000000000000000000000000000000000000000000000000000000000000000000000000000000000000000000000000000000000000000000000000000000000000000000000000000000000000000000000000000000000000000000000000000000000000000000000000000000000000000000000
许文杰 8 20 0 0000000100000000000040000400002400000023000000000000000000000000000000000000000000000000002030200032000000000000000000000000000000020000000000000000000000003000000000000000000000000000000000003000000000000000000000000000000000000000000000000000000000000000000000000000000000000000000000000000000000000000000000000000000000000000000000000000000000000000000000000000000000000000000000000000000000000000
零零思 2 22 0 0100000000000000000000044400400400000004000000000000000000004400200204000000000000000000000000000000000000000000000000000000000000000000000000000000000000000000000000000000000000000004000000000000000000000000000000000000000000000000000000000000000000000000000000000000000000000000000000000000000000000000000000000000000000000000000000000000000000000000000000000000000000000000000000000000000000000000
往事如风 11 24 0 0000000000100000000000000000000000000000044020404000044000420020000002000000000000000000000000000000000000000000000000000000000000000000000000002200000000000000000000000000000000002000000000000000000000000000000000000000000000000000000000000000000000000000000000000000000000000000000000000000000000000000000000000000000000000000000000000000000000000000000000000000000000000000000000000000000000000000
Yakamoz 11 22 0 0000000000100000000000000000000000000000004403000000000222020022204044000000000000000000000000000000000000000000000000000000000000000000000000000000000000002000000000000000000000000000000000000000000000000000000000000000000000000000000000000000000000000000000000000000000000000000000000000000000000000000000000000000000000000000000000000000000000000000000000000000000000000000000000000000000000000000
我的歌 2 23 0 0100000000000000000000030000000000000000000000000000000000000303104244000000000000000000000000000000000000000000000000000000000000040000000000000000004000000000030000000000000000000400000000000000000000000000000000000000000000000000000000000000000000000000000000000000000000000000000000000000000000000000000000000000000000000000000000000000000000000000000000000000000000000000000000000000000000000000
七星草 6 18 0 0000010000000000000000004400002400400403000000000000000000000000000000420404000000000000000000000000000000000000000000000000000000000000000000000000000000000000000000000000000000000000000000000000000000000000000000000000000000000000000000000000000000000000000000000000000000000000000000000000000000000000000000000000000000000000000000000000000000000000000000000000000000000000000000000000000000000000
sowhat 11 22 0 0000000000100000000000000000000000000000044020404000044000420020000002000000000000000000000000000000000000000000000000000000000000000000000000002200000000000000000000000000000000002000000000000000000000000000000000000000000000000000000000000000000000000000000000000000000000000000000000000000000000000000000000000000000000000000000000000000000000000000000000000000000000000000000000000000000000000000
醉的不行 1 22 0 1000000000000000000000404000000000000400000000000000000000000004000000000000000000000000000000000000000000000000000000000000000000000340000000000000000000404004000000000000000000000000000400000000000000000000000000000000000000000000000000000000000000000000000000000000000000000000000000000000000000000000000000000000000000000000000000000000000000000000000000000000000000000000000000000000000000000000
妖刀村正 15 20 0 0000000000000010000000000000000000000000023422412100200000000000000000400404000000000000000000000000000000000000000000000000000000000000000000000000000000002002000000000000000000000000000000000000000000000000000000000000000000000000000000000000000000000000000000000000000000000000000000000000000000000000000000000000000000000000000000000000000000000000000000000000000000000000000000000000000000000000
lulu 6 17 0 0000010000000000000000004400000200400222000000000000000000000000000000002424040000000000000000000000000000000000000000000000000000000000000400000000004000000000000000000000000000000000000000000000000000000000000000000000000000000000000000000000000000000000000000000000000000000000000000000000000000000000000000000000000000000000000000000000000000000000000000000000000000000000000000000000000000000000
聚风人 6 16 0 0000010000000000000040004400000400003000000000000000000000000000000000400404000000000000000000000000000000000000000000000000000000000000000000000000000000004000000000000000000000000000000004000000000000000000000000000000000000000000000000000000000000000000000000000000000000000000000000000000000000000000000000000000000000000000000000000000000000000000000000000000000000000000000000000000000000000000
L.C 15 18 0 0000000000000010000000000000000000000000040000040004000004000000000000400404040000000000000000000000000000000000000000000000000000000000000040000000000000000003000000000000000000000000000000000000000000000000000000000000000000000000000000000000000000000000000000000000000000000000000000000000000000000000000000000000000000000000000000000000000000000000000000000000000000000000000000000000000000000000
开天 2 22 0 0100000000000000000000044400000400000004000000000000000000000400200204000000000000000000000000000000000000000000000000000000000000000000000000000000000000000000000000000000000000000404000000000000000000000000000000000000000000000000000000000000000000000000000000000000000000000000000000000000000000000000000000000000000000000000000000000000000000000000000000000000000000000000000000000000000000000000
望眼欲穿 2 21 0 0100000000000000000000044400400400000004000000000000000000004400200204000000000000000000000000000000000000000000000000000000000000000000000000000000000000000000000000000000000000000004000000000000000000000000000000000000000000000000000000000000000000000000000000000000000000000000000000000000000000000000000000000000000000000000000000000000000000000000000000000000000000000000000000000000000000000000
不大不小 8 18 0 0000000100000000000030003430000300003000000000000000000000000000000000000000000000000000002000201041000000000000000000000000000000020000000000000000000000004000000000000000000000000000000000004000000000000000000000000000000000000000000000000000000000000000000000000000000000000000000000000000000000000000000000000000000000000000000000000000000000000000000000000000000000000000000000000000000000000000
t上帝不哭t 11 22 0 0000000000100000000000000000000000000000000000000000000000000403104244000000000000000000000000000000000000000000000000000000000000000000000000003000003000002200030000000000000000000040000000000000000000000000000000000000000000000000000000000000000000000000000000000000000000000000000000000000000000000000000000000000000000000000000000000000000000000000000000000000000000000000000000000000000000000000
高楼暝色 11 22 0 0000000000100000000000000000000000000000004403000000000222020022204044000000000000000000000000000000000000000000000000000000000000000000000000000000000000002000000000000000000000000000000000000000000000000000000000000000000000000000000000000000000000000000000000000000000000000000000000000000000000000000000000000000000000000000000000000000000000000000000000000000000000000000000000000000000000000000
Lonesome 2 22 0 0100000000000000000000004000000040000400000000000000000000000014200000000000000000000000000000000000000000000000000000000000000000000040000000000000000000404000000000000000000000000000000400000000400000000000000000000000000000000000000000000000000000000000000000000000000000000000000000000000000000000000000000000000000000000000000000000000000000000000000000000000000000000000000000000000000000000000
猛禽杰克逊 2 21 0 0100000000000000000030003400000300000000000000000000000000000202104134000000000000000000000000000000000000000000000000000000000000030000000000000000000000002000000000000000000000000004000000000000000000000000000000000000000000000000000000000000000000000000000000000000000000000000000000000000000000000000000000000000000000000000000000000000000000000000000000000000000000000000000000000000000000000000
乔治雷 8 17 0 0000000100000000000000000000000004000000000000000000000000000000000000000000000000000000000000040000000000000000000000000000000000024040004000000000000000404441000000000000000000000000000000000000000000000000000000000000000000000000000000000000000000000000000000000000000000000000000000000000000000000000000000000000000000000000000000000000000000000000000000000000000000000000000000000000000000000000
白袍卡尔 5 18 0 0000100000000000000000404000000000000400000000000000000000000000000000202120002000000000000000000000000000000000000000000000000000000020000000000000000000404004000000000000000000000000000000400000000000000000000000000000000000000000000000000000000000000000000000000000000000000000000000000000000000000000000000000000000000000000000000000000000000000000000000000000000000000000000000000000000000000000
智囊迪伦 2 19 0 0100000000000000000030003400000300000000000000000000000000000202104134000000000000000000000000000000000000000000000000000000000000030000000000000000000000002000000000000000000000000004000000000000000000000000000000000000000000000000000000000000000000000000000000000000000000000000000000000000000000000000000000000000000000000000000000000000000000000000000000000000000000000000000000000000000000000000
暮光马科斯 8 18 0 0000000100000000000040000400000000003000000000000000000000000000000000000000000000000000004040214004000000000000000000000000000000020000000000000000000000003000000000000000000000000000000000004000000000000000000000000000000000000000000000000000000000000000000000000000000000000000000000000000000000000000000000000000000000000000000000000000000000000000000000000000000000000000000000000000000000000000
银影弗恩 15 15 0 0000000000000010000000000000000000000000404410400000000000000000000000401414000000000000000000000000000000000000000000000000000000000000000000020000300000003000000000000000000000000000000000000000000000000000000000000000000000000000000000000000000000000000000000000000000000000000000000000000000000000000000000000000000000000000000000000000000000000000000000000000000000000000000000000000000000000000
地狱黛布拉 2 19 0 0100000000000000000000004000000040000400000000000000000000000014200000000000000000000000000000000000000000000000000000000000000000000040000000000000000000404000000000000000000000000000000400000000400000000000000000000000000000000000000000000000000000000000000000000000000000000000000000000000000000000000000000000000000000000000000000000000000000000000000000000000000000000000000000000000000000000000
利爪安娜 15 17 0 0000000000000010000000000000000000000000404410400000000000000000000000401414000000000000000000000000000000000000000000000000000000000000000000020000300000003000000000000000000000000000000000000000000000000000000000000000000000000000000000000000000000000000000000000000000000000000000000000000000000000000000000000000000000000000000000000000000000000000000000000000000000000000000000000000000000000000
护卫利奥波特 8 18 0 0000000100000000000000000000000004000000000000000000000000000000000000000000000000000000000000040000000000000000000000000000000000024040004000000000000000404441000000000000000000000000000000000000000000000000000000000000000000000000000000000000000000000000000000000000000000000000000000000000000000000000000000000000000000000000000000000000000000000000000000000000000000000000000000000000000000000000
唤醒者罗伯特 8 16 0 0000000100000000000000000000000004000000000000000000000000000000000000000000000000000000000000040000000000000000000000000000000000024040004000000000000000404441000000000000000000000000000000000000000000000000000000000000000000000000000000000000000000000000000000000000000000000000000000000000000000000000000000000000000000000000000000000000000000000000000000000000000000000000000000000000000000000000
乔顿亚历山大 6 16 0 0000010000000000000040004400000400003000000000000000000000000000000000400404000000000000000000000000000000000000000000000000000000000000000000000000000000004000000000000000000000000000000004000000000000000000000000000000000000000000000000000000000000000000000000000000000000000000000000000000000000000000000000000000000000000000000000000000000000000000000000000000000000000000000000000000000000000000
山鬼鲁宾逊 1 20 0 1000000000000000000040003400003400000203000000000000000000000000204044000000000000000000000000000000000000000000000000000000000000020000000000000000000000000000000000000000000000000000000000000000000000000000000000000000000000000000000000000000000000000000000000000000000000000000000000000000000000000000000000000000000000000000000000000000000000000000000000000000000000000000000000000000000000000000
夜精灵爱丽丝 15 17 0 0000000000000010000000000000000000000000023422412100200000000000000000400404000000000000000000000000000000000000000000000000000000000000000000000000000000002002000000000000000000000000000000000000000000000000000000000000000000000000000000000000000000000000000000000000000000000000000000000000000000000000000000000000000000000000000000000000000000000000000000000000000000000000000000000000000000000000
骑士玛克辛 6 16 0 0000010000000000000040004400000400003000000000000000000000000000000000400404000000000000000000000000000000000000000000000000000000000000000000000000000000004000000000000000000000000000000004000000000000000000000000000000000000000000000000000000000000000000000000000000000000000000000000000000000000000000000000000000000000000000000000000000000000000000000000000000000000000000000000000000000000000000
永恒者加比 8 14 0 0000000100000000000000000000000004000000000000000000000000000000000000000000000000000000000000040000000000000000000000000000000000024040004000000000000000404441000000000000000000000000000000000000000000000000000000000000000000000000000000000000000000000000000000000000000000000000000000000000000000000000000000000000000000000000000000000000000000000000000000000000000000000000000000000000000000000000
宗师安格斯 1 20 0 1000000000000000000040004400000300202000000000000000000000000022204134000000000000000000000000000000000000000000000000000000000000000000000000000000000000002000000000000000000000000000000000000000000000000000000000000000000000000000000000000000000000000000000000000000000000000000000000000000000000000000000000000000000000000000000000000000000000000000000000000000000000000000000000000000000000000000
煞星赫柏 2 20 0 0100000000000000000040003400000300003000000000000000000000000302104124000000000000000000000000000000000000000000000000000000000000020000000000000000000000003000000000000000000000000000000000000000000000000000000000000000000000000000000000000000000000000000000000000000000000000000000000000000000000000000000000000000000000000000000000000000000000000000000000000000000000000000000000000000000000000000
士官长大卫 5 17 0 0000100000000000000040000400000300040000000000000000000000000000000000440404000400000000000000000000000000000000000000000000000000020000000000000000000000002000000000000000000000000000000000000000000000000000000000000000000000000000000000000000000000000000000000000000000000000000000000000000000000000000000000000000000000000000000000000000000000000000000000000000000000000000000000000000000000000000
红袍罗伊 6 15 0 0000010000000000000040004400000400003000000000000000000000000000000000400404000000000000000000000000000000000000000000000000000000000000000000000000000000004000000000000000000000000000000004000000000000000000000000000000000000000000000000000000000000000000000000000000000000000000000000000000000000000000000000000000000000000000000000000000000000000000000000000000000000000000000000000000000000000000
唤醒者姬恩 5 16 0 0000100000000000000040000400000300040000000000000000000000000000000000440404000400000000000000000000000000000000000000000000000000020000000000000000000000002000000000000000000000000000000000000000000000000000000000000000000000000000000000000000000000000000000000000000000000000000000000000000000000000000000000000000000000000000000000000000000000000000000000000000000000000000000000000000000000000000
血色朱迪丝 1 21 0 1000000000000000000000404000000000000400000000000000000000000004000000000000000000000000000000000000000000000000000000000000000000000340000000000000000000404004000000000000000000000000000400000000000000000000000000000000000000000000000000000000000000000000000000000000000000000000000000000000000000000000000000000000000000000000000000000000000000000000000000000000000000000000000000000000000000000000
冰河弗雷德里 15 15 0 0000000000000010000000000000000000000000023422412100200000000000000000400404000000000000000000000000000000000000000000000000000000000000000000000000000000002002000000000000000000000000000000000000000000000000000000000000000000000000000000000000000000000000000000000000000000000000000000000000000000000000000000000000000000000000000000000000000000000000000000000000000000000000000000000000000000000000
部落黛博拉 8 15 0 0000000100000000000000000000000004000000000000000000000000000000000000000000000000000000000000040000000000000000000000000000000000024040004000000000000000404441000000000000000000000000000000000000000000000000000000000000000000000000000000000000000000000000000000000000000000000000000000000000000000000000000000000000000000000000000000000000000000000000000000000000000000000000000000000000000000000000
乔治乔茜 15 16 0 0000000000000010000000000000000000000000404410400000000000000000000000401414000000000000000000000000000000000000000000000000000000000000000000020000300000003000000000000000000000000000000000000000000000000000000000000000000000000000000000000000000000000000000000000000000000000000000000000000000000000000000000000000000000000000000000000000000000000000000000000000000000000000000000000000000000000000
冰冻凯拉 5 14 0 0000100000000000000040004404000300000000000000000000000000000000000000430404000300000000000000000000000000000000000000000000000000000000000000000000000000002000000000000000000000000000000000000000000000000000000000000000000000000000000000000000000000000000000000000000000000000000000000000000000000000000000000000000000000000000000000000000000000000000000000000000000000000000000000000000000000000000
疾风拉里 2 18 0 0100000000000000000030003400000300000000000000000000000000000202104134000000000000000000000000000000000000000000000000000000000000030000000000000000000000002000000000000000000000000004000000000000000000000000000000000000000000000000000000000000000000000000000000000000000000000000000000000000000000000000000000000000000000000000000000000000000000000000000000000000000000000000000000000000000000000000
贵族肯尼 15 15 0 0000000000000010000000000000000000000000404410400000000000000000000000401414000000000000000000000000000000000000000000000000000000000000000000020000300000003000000000000000000000000000000000000000000000000000000000000000000000000000000000000000000000000000000000000000000000000000000000000000000000000000000000000000000000000000000000000000000000000000000000000000000000000000000000000000000000000000
疯狂的斯图亚特 1 18 0 1000000000000000000040004400000300202000000000000000000000000022204134000000000000000000000000000000000000000000000000000000000000000000000000000000000000002000000000000000000000000000000000000000000000000000000000000000000000000000000000000000000000000000000000000000000000000000000000000000000000000000000000000000000000000000000000000000000000000000000000000000000000000000000000000000000000000000
探索者内森 8 14 0 0000000100000000000040000400002400000023000000000000000000000000000000000000000000000000002030200032000000000000000000000000000000020000000000000000000000003000000000000000000000000000000000003000000000000000000000000000000000000000000000000000000000000000000000000000000000000000000000000000000000000000000000000000000000000000000000000000000000000000000000000000000000000000000000000000000000000000
通灵埃尔莎 11 17 0 0000000000100000000000000000000000000000024403400000200000200012204104000000000000000000000000000000000000000000000000000000000000000000000000000000000000004000000000000000000000000000000000000000000000000000000000000000000000000000000000000000000000000000000000000000000000000000000000000000000000000000000000000000000000000000000000000000000000000000000000000000000000000000000000000000000000000000
黑夜克拉克 8 14 0 0000000100000000000030003430000300003000000000000000000000000000000000000000000000000000002000201041000000000000000000000000000000020000000000000000000000004000000000000000000000000000000000004000000000000000000000000000000000000000000000000000000000000000000000000000000000000000000000000000000000000000000000000000000000000000000000000000000000000000000000000000000000000000000000000000000000000000
下士卡罗琳 5 13 0 0000100000000000000000404000000000000400000000000000000000000000000000202120002000000000000000000000000000000000000000000000000000000020000000000000000000404004000000000000000000000000000000400000000000000000000000000000000000000000000000000000000000000000000000000000000000000000000000000000000000000000000000000000000000000000000000000000000000000000000000000000000000000000000000000000000000000000
星界艾丽西娅 11 17 0 0000000000100000000000000000000000000000024403400000200000200012204104000000000000000000000000000000000000000000000000000000000000000000000000000000000000004000000000000000000000000000000000000000000000000000000000000000000000000000000000000000000000000000000000000000000000000000000000000000000000000000000000000000000000000000000000000000000000000000000000000000000000000000000000000000000000000000
嗜血伊莱恩 1 17 0 1000000000000000000030000440000300000040000000000000000000000002243004000000000000000000000000000000000000000000000000000000000000000000000000000000000000002000000000000000004000000000000000000000000000000000000000000000000000000000000000000000000000000000000000000000000000000000000000000000000000000000000000000000000000000000000000000000000000000000000000000000000000000000000000000000000000000000
神盾朱迪丝 1 16 0 1000000000000000000000030000000000000000000000000000000000000302104244000000000000000000000000000000000000000000000000000000000000020000000000000000003000013000040000000000000000000040000000000000000000000000000000000000000000000000000000000000000000000000000000000000000000000000000000000000000000000000000000000000000000000000000000000000000000000000000000000000000000000000000000000000000000000000
猎人海伦 1 17 0 1000000000000000000040004400000300202000000000000000000000000022204134000000000000000000000000000000000000000000000000000000000000000000000000000000000000002000000000000000000000000000000000000000000000000000000000000000000000000000000000000000000000000000000000000000000000000000000000000000000000000000000000000000000000000000000000000000000000000000000000000000000000000000000000000000000000000000
傀儡朱莉 5 13 0 0000100000000000000040004404000300000000000000000000000000000000000000430404000300000000000000000000000000000000000000000000000000000000000000000000000000002000000000000000000000000000000000000000000000000000000000000000000000000000000000000000000000000000000000000000000000000000000000000000000000000000000000000000000000000000000000000000000000000000000000000000000000000000000000000000000000000000
圣甲保罗 8 12 0 0000000100000000000040000000000300040423000000000000000000000000000000000000000000000000004040300002000000000000000000000000000000020000000000000000000000000000000000000000000000000000000000000040000000000000000000000000000000000000000000000000000000000000000000000000000000000000000000000000000000000000000000000000000000000000000000000000000000000000000000000000000000000000000000000000000000000000
下士格拉蒂丝 6 14 0 0000010000000000000040004400000400003000000000000000000000000000000000400404000000000000000000000000000000000000000000000000000000000000000000000000000000004000000000000000000000000000000004000000000000000000000000000000000000000000000000000000000000000000000000000000000000000000000000000000000000000000000000000000000000000000000000000000000000000000000000000000000000000000000000000000000000000000
元帅富兰克林 15 14 0 0000000000000010000000000000000000000000004403000000000200040000000000400404000000000000000000000000000000000000000000000000000000000000000000000000040000042000000000000000000000000000000000000000000000000000000000000000000000000000000000000000000000000000000000000000000000000000000000000000000000000000000000000000000000000000000000000000000000000000000000000000000000000000000000000000000000000000
破碎加文 11 17 0 0000000000100000000000000000000000000000024403400000200000200012204104000000000000000000000000000000000000000000000000000000000000000000000000000000000000004000000000000000000000000000000000000000000000000000000000000000000000000000000000000000000000000000000000000000000000000000000000000000000000000000000000000000000000000000000000000000000000000000000000000000000000000000000000000000000000000000
疯狂的伊莱恩 15 13 0 0000000000000010000000000000000000000000404410400000000000000000000000401414000000000000000000000000000000000000000000000000000000000000000000020000300000003000000000000000000000000000000000000000000000000000000000000000000000000000000000000000000000000000000000000000000000000000000000000000000000000000000000000000000000000000000000000000000000000000000000000000000000000000000000000000000000000000
黑袍列得 5 13 0 0000100000000000000000404000000000000400000000000000000000000000000000202120002000000000000000000000000000000000000000000000000000000020000000000000000000404004000000000000000000000000000000400000000000000000000000000000000000000000000000000000000000000000000000000000000000000000000000000000000000000000000000000000000000000000000000000000000000000000000000000000000000000000000000000000000000000000
煞星朱恩 8 11 0 0000000100000000000040000400002400000023000000000000000000000000000000000000000000000000002030200032000000000000000000000000000000020000000000000000000000003000000000000000000000000000000000003000000000000000000000000000000000000000000000000000000000000000000000000000000000000000000000000000000000000000000000000000000000000000000000000000000000000000000000000000000000000000000000000000000000000000
黑发里斯多夫 6 13 0 0000010000000000000040004400000400003000000000000000000000000000000000400404000000000000000000000000000000000000000000000000000000000000000000000000000000004000000000000000000000000000000004000000000000000000000000000000000000000000000000000000000000000000000000000000000000000000000000000000000000000000000000000000000000000000000000000000000000000000000000000000000000000000000000000000000000000000
重凯伊迪萨 2 16 0 0100000000000000000000004000000040000400000000000000000000000014200000000000000000000000000000000000000000000000000000000000000000000040000000000000000000404000000000000000000000000000000400000000400000000000000000000000000000000000000000000000000000000000000000000000000000000000000000000000000000000000000000000000000000000000000000000000000000000000000000000000000000000000000000000000000000000000
青龙康妮 8 13 0 0000000100000000000040000400002400000023000000000000000000000000000000000000000000000000002030200032000000000000000000000000000000020000000000000000000000003000000000000000000000000000000000003000000000000000000000000000000000000000000000000000000000000000000000000000000000000000000000000000000000000000000000000000000000000000000000000000000000000000000000000000000000000000000000000000000000000000
青龙露茜 2 17 0 0100000000000000000040003400000300003000000000000000000000000302104124000000000000000000000000000000000000000000000000000000000000020000000000000000000000003000000000000000000000000000000000000000000000000000000000000000000000000000000000000000000000000000000000000000000000000000000000000000000000000000000000000000000000000000000000000000000000000000000000000000000000000000000000000000000000000000
乔治斯帕克 2 17 0 0100000000000000000040003400000300003000000000000000000000000302104124000000000000000000000000000000000000000000000000000000000000020000000000000000000000003000000000000000000000000000000000000000000000000000000000000000000000000000000000000000000000000000000000000000000000000000000000000000000000000000000000000000000000000000000000000000000000000000000000000000000000000000000000000000000000000000
战戟希尔顿 8 12 0 0000000100000000000000000000000004000000000000000000000000000000000000000000000000000000000000040000000000000000000000000000000000024040004000000000000000404441000000000000000000000000000000000000000000000000000000000000000000000000000000000000000000000000000000000000000000000000000000000000000000000000000000000000000000000000000000000000000000000000000000000000000000000000000000000000000000000000
流星萨米 5 13 0 0000100000000000000040000400000300040000000000000000000000000000000000440404000400000000000000000000000000000000000000000000000000020000000000000000000000002000000000000000000000000000000000000000000000000000000000000000000000000000000000000000000000000000000000000000000000000000000000000000000000000000000000000000000000000000000000000000000000000000000000000000000000000000000000000000000000000000
风暴弗农 2 15 0 0100000000000000000000004000000040000400000000000000000000000014200000000000000000000000000000000000000000000000000000000000000000000040000000000000000000404000000000000000000000000000000400000000400000000000000000000000000000000000000000000000000000000000000000000000000000000000000000000000000000000000000000000000000000000000000000000000000000000000000000000000000000000000000000000000000000000000
人狼帕特里克 8 10 0 0000000100000000000000000000000004000000000000000000000000000000000000000000000000000000000000040000000000000000000000000000000000024040004000000000000000404441000000000000000000000000000000000000000000000000000000000000000000000000000000000000000000000000000000000000000000000000000000000000000000000000000000000000000000000000000000000000000000000000000000000000000000000000000000000000000000000000
十雷布伦达 11 16 0 0000000000100000000000000000000000000000024403400000200000200012204104000000000000000000000000000000000000000000000000000000000000000000000000000000000000004000000000000000000000000000000000000000000000000000000000000000000000000000000000000000000000000000000000000000000000000000000000000000000000000000000000000000000000000000000000000000000000000000000000000000000000000000000000000000000000000000
少校李 5 10 0 0000100000000000000040000400000300040000000000000000000000000000000000440404000400000000000000000000000000000000000000000000000000020000000000000000000000002000000000000000000000000000000000000000000000000000000000000000000000000000000000000000000000000000000000000000000000000000000000000000000000000000000000000000000000000000000000000000000000000000000000000000000000000000000000000000000000000000
乔森加里 6 11 0 0000010000000000000040004400300300302000000000000000000000000000000000400404000000000000000000000000000000000000000000000000000000000000000000000000000000004000000000000000000000000000000000000000000000000000000000000000000000000000000000000000000000000000000000000000000000000000000000000000000000000000000000000000000000000000000000000000000000000000000000000000000000000000000000000000000000000000
十雷玛蒂尔达 6 13 0 0000010000000000000000404000000000000000000000000000000000000000000000201220002200000000000000000000000000000000000000000000000000000040000000000000000000404004000000000000000000000000000000400000000000000000000000000000000000000000000000000000000000000000000000000000000000000000000000000000000000000000000000000000000000000000000000000000000000000000000000000000000000000000000000000000000000000000
铁凯安妮 2 14 0 0100000000000000000000004000000040000400000000000000000000000014200000000000000000000000000000000000000000000000000000000000000000000040000000000000000000404000000000000000000000000000000400000000400000000000000000000000000000000000000000000000000000000000000000000000000000000000000000000000000000000000000000000000000000000000000000000000000000000000000000000000000000000000000000000000000000000000
傀儡杰弗瑞 11 16 0 0000000000100000000000000000000000000000040400400000000000000032304344000000000000000000000000000000000000000000000000000000000000000000000000000000000000004000000000000000000000000000000000000000000000000000000000000000000000000000000000000000000000000000000000000000000000000000000000000000000000000000000000000000000000000000000000000000000000000000000000000000000000000000000000000000000000000000
暮光亚历西斯 15 11 0 0000000000000010000000000000000000000000004403000000000200040000000000400404000000000000000000000000000000000000000000000000000000000000000000000000040000042000000000000000000000000000000000000000000000000000000000000000000000000000000000000000000000000000000000000000000000000000000000000000000000000000000000000000000000000000000000000000000000000000000000000000000000000000000000000000000000000000
破碎露露 15 11 0 0000000000000010000000000000000000000000004403000000000200040000000000400404000000000000000000000000000000000000000000000000000000000000000000000000040000042000000000000000000000000000000000000000000000000000000000000000000000000000000000000000000000000000000000000000000000000000000000000000000000000000000000000000000000000000000000000000000000000000000000000000000000000000000000000000000000000000
黎明乔伊斯 6 10 0 0000010000000000000000404000000000000000000000000000000000000000000000201220002200000000000000000000000000000000000000000000000000000040000000000000000000404004000000000000000000000000000000400000000000000000000000000000000000000000000000000000000000000000000000000000000000000000000000000000000000000000000000000000000000000000000000000000000000000000000000000000000000000000000000000000000000000000
矮人托马斯 2 15 0 0100000000000000000030003400000300000000000000000000000000000202104134000000000000000000000000000000000000000000000000000000000000030000000000000000000000002000000000000000000000000004000000000000000000000000000000000000000000000000000000000000000000000000000000000000000000000000000000000000000000000000000000000000000000000000000000000000000000000000000000000000000000000000000000000000000000000000
黑影玛米 8 11 0 0000000100000000000040000400002400000023000000000000000000000000000000000000000000000000002030200032000000000000000000000000000000020000000000000000000000003000000000000000000000000000000000003000000000000000000000000000000000000000000000000000000000000000000000000000000000000000000000000000000000000000000000000000000000000000000000000000000000000000000000000000000000000000000000000000000000000000
暮光斯坦利 15 9 0 0000000000000010000000000000000000000000404410400000000000000000000000401414000000000000000000000000000000000000000000000000000000000000000000020000300000003000000000000000000000000000000000000000000000000000000000000000000000000000000000000000000000000000000000000000000000000000000000000000000000000000000000000000000000000000000000000000000000000000000000000000000000000000000000000000000000000000
风神欧文 2 15 0 0100000000000000000000004000000040000400000000000000000000000014200000000000000000000000000000000000000000000000000000000000000000000040000000000000000000404000000000000000000000000000000400000000400000000000000000000000000000000000000000000000000000000000000000000000000000000000000000000000000000000000000000000000000000000000000000000000000000000000000000000000000000000000000000000000000000000000
黑夜米莉 6 9 0 0000010000000000000040004400300300302000000000000000000000000000000000400404000000000000000000000000000000000000000000000000000000000000000000000000000000004000000000000000000000000000000000000000000000000000000000000000000000000000000000000000000000000000000000000000000000000000000000000000000000000000000000000000000000000000000000000000000000000000000000000000000000000000000000000000000000000000
护火者朱恩 1 15 0 1000000000000000000000404000000000000400000000000000000000000004000000000000000000000000000000000000000000000000000000000000000000000340000000000000000000404004000000000000000000000000000400000000000000000000000000000000000000000000000000000000000000000000000000000000000000000000000000000000000000000000000000000000000000000000000000000000000000000000000000000000000000000000000000000000000000000000
夜幕艾伯特 11 14 0 0000000000100000000000000000000000000000040400400000000000000032304344000000000000000000000000000000000000000000000000000000000000000000000000000000000000004000000000000000000000000000000000000000000000000000000000000000000000000000000000000000000000000000000000000000000000000000000000000000000000000000000000000000000000000000000000000000000000000000000000000000000000000000000000000000000000000000
探索者伊莱恩 8 12 0 0000000100000000000030003430000300003000000000000000000000000000000000000000000000000000002000201041000000000000000000000000000000020000000000000000000000004000000000000000000000000000000000004000000000000000000000000000000000000000000000000000000000000000000000000000000000000000000000000000000000000000000000000000000000000000000000000000000000000000000000000000000000000000000000000000000000000000
野人奥古斯特 1 16 0 1000000000000000000040003400003400000203000000000000000000000000204044000000000000000000000000000000000000000000000000000000000000020000000000000000000000000000000000000000000000000000000000000000000000000000000000000000000000000000000000000000000000000000000000000000000000000000000000000000000000000000000000000000000000000000000000000000000000000000000000000000000000000000000000000000000000000000
医师克里斯 2 14 0 0100000000000000000030003400000300000000000000000000000000000202104134000000000000000000000000000000000000000000000000000000000000030000000000000000000000002000000000000000000000000004000000000000000000000000000000000000000000000000000000000000000000000000000000000000000000000000000000000000000000000000000000000000000000000000000000000000000000000000000000000000000000000000000000000000000000000000
红发洛拉 6 8 0 0000010000000000000040004400000400003000000000000000000000000000000000400404000000000000000000000000000000000000000000000000000000000000000000000000000000004000000000000000000000000000000004000000000000000000000000000000000000000000000000000000000000000000000000000000000000000000000000000000000000000000000000000000000000000000000000000000000000000000000000000000000000000000000000000000000000000000
暗影尼尔 6 11 0 0000010000000000000040004400000400003000000000000000000000000000000000400404000000000000000000000000000000000000000000000000000000000000000000000000000000004000000000000000000000000000000004000000000000000000000000000000000000000000000000000000000000000000000000000000000000000000000000000000000000000000000000000000000000000000000000000000000000000000000000000000000000000000000000000000000000000000
治疗欧文 1 14 0 1000000000000000000000030000000000000000000000000000000000000302104244000000000000000000000000000000000000000000000000000000000000020000000000000000003000013000040000000000000000000040000000000000000000000000000000000000000000000000000000000000000000000000000000000000000000000000000000000000000000000000000000000000000000000000000000000000000000000000000000000000000000000000000000000000000000000000
医师埃拉 2 13 0 0100000000000000000000004000000040000400000000000000000000000014200000000000000000000000000000000000000000000000000000000000000000000040000000000000000000404000000000000000000000000000000400000000400000000000000000000000000000000000000000000000000000000000000000000000000000000000000000000000000000000000000000000000000000000000000000000000000000000000000000000000000000000000000000000000000000000000
护火者兰迪 2 13 0 0100000000000000000040003400000300003000000000000000000000000302104124000000000000000000000000000000000000000000000000000000000000020000000000000000000000003000000000000000000000000000000000000000000000000000000000000000000000000000000000000000000000000000000000000000000000000000000000000000000000000000000000000000000000000000000000000000000000000000000000000000000000000000000000000000000000000000
红袍贝拉 5 10 0 0000100000000000000040004404000300000000000000000000000000000000000000430404000300000000000000000000000000000000000000000000000000000000000000000000000000002000000000000000000000000000000000000000000000000000000000000000000000000000000000000000000000000000000000000000000000000000000000000000000000000000000000000000000000000000000000000000000000000000000000000000000000000000000000000000000000000000
流星杰克逊 11 14 0 0000000000100000000000000000000000000000040400400000000000000032304344000000000000000000000000000000000000000000000000000000000000000000000000000000000000004000000000000000000000000000000000000000000000000000000000000000000000000000000000000000000000000000000000000000000000000000000000000000000000000000000000000000000000000000000000000000000000000000000000000000000000000000000000000000000000000000
西征约书亚 2 15 0 0100000000000000000030003400000300000000000000000000000000000202104134000000000000000000000000000000000000000000000000000000000000030000000000000000000000002000000000000000000000000004000000000000000000000000000000000000000000000000000000000000000000000000000000000000000000000000000000000000000000000000000000000000000000000000000000000000000000000000000000000000000000000000000000000000000000000000
战神安娜 5 9 0 0000100000000000000040004404000300000000000000000000000000000000000000430404000300000000000000000000000000000000000000000000000000000000000000000000000000002000000000000000000000000000000000000000000000000000000000000000000000000000000000000000000000000000000000000000000000000000000000000000000000000000000000000000000000000000000000000000000000000000000000000000000000000000000000000000000000000000
火舌贾斯汀 8 7 0 0000000100000000000000000000000004000000000000000000000000000000000000000000000000000000000000040000000000000000000000000000000000024040004000000000000000404441000000000000000000000000000000000000000000000000000000000000000000000000000000000000000000000000000000000000000000000000000000000000000000000000000000000000000000000000000000000000000000000000000000000000000000000000000000000000000000000000
银鹰达茜 1 12 0 1000000000000000000000404000000000000400000000000000000000000004000000000000000000000000000000000000000000000000000000000000000000000340000000000000000000404004000000000000000000000000000400000000000000000000000000000000000000000000000000000000000000000000000000000000000000000000000000000000000000000000000000000000000000000000000000000000000000000000000000000000000000000000000000000000000000000000
无惧罗兰 5 9 0 0000100000000000000000404000000000000400000000000000000000000000000000202120002000000000000000000000000000000000000000000000000000000020000000000000000000404004000000000000000000000000000000400000000000000000000000000000000000000000000000000000000000000000000000000000000000000000000000000000000000000000000000000000000000000000000000000000000000000000000000000000000000000000000000000000000000000000
鬼神露露 6 8 0 0000010000000000000000404000000000000000000000000000000000000000000000201220002200000000000000000000000000000000000000000000000000000040000000000000000000404004000000000000000000000000000000400000000000000000000000000000000000000000000000000000000000000000000000000000000000000000000000000000000000000000000000000000000000000000000000000000000000000000000000000000000000000000000000000000000000000000
永恒者本森 2 13 0 0100000000000000000000004000000040000400000000000000000000000014200000000000000000000000000000000000000000000000000000000000000000000040000000000000000000404000000000000000000000000000000400000000400000000000000000000000000000000000000000000000000000000000000000000000000000000000000000000000000000000000000000000000000000000000000000000000000000000000000000000000000000000000000000000000000000000000
流水阿诺德 8 9 0 0000000100000000000040000400000000003000000000000000000000000000000000000000000000000000004040214004000000000000000000000000000000020000000000000000000000003000000000000000000000000000000000004000000000000000000000000000000000000000000000000000000000000000000000000000000000000000000000000000000000000000000000000000000000000000000000000000000000000000000000000000000000000000000000000000000000000000
防御晓恩 8 9 0 0000000100000000000030003430000300003000000000000000000000000000000000000000000000000000002000201041000000000000000000000000000000020000000000000000000000004000000000000000000000000000000000004000000000000000000000000000000000000000000000000000000000000000000000000000000000000000000000000000000000000000000000000000000000000000000000000000000000000000000000000000000000000000000000000000000000000000
胜利者马修 1 11 0 1000000000000000000030000440000300000040000000000000000000000002243004000000000000000000000000000000000000000000000000000000000000000000000000000000000000002000000000000000004000000000000000000000000000000000000000000000000000000000000000000000000000000000000000000000000000000000000000000000000000000000000000000000000000000000000000000000000000000000000000000000000000000000000000000000000000000000
星界劳拉 1 12 0 1000000000000000000040004400000300202000000000000000000000000022204134000000000000000000000000000000000000000000000000000000000000000000000000000000000000002000000000000000000000000000000000000000000000000000000000000000000000000000000000000000000000000000000000000000000000000000000000000000000000000000000000000000000000000000000000000000000000000000000000000000000000000000000000000000000000000000
黑袍比利 5 10 0 0000100000000000000040000400000300040000000000000000000000000000000000440404000400000000000000000000000000000000000000000000000000020000000000000000000000002000000000000000000000000000000000000000000000000000000000000000000000000000000000000000000000000000000000000000000000000000000000000000000000000000000000000000000000000000000000000000000000000000000000000000000000000000000000000000000000000000
骑士道格拉斯 5 8 0 0000100000000000000040004404000300000000000000000000000000000000000000430404000300000000000000000000000000000000000000000000000000000000000000000000000000002000000000000000000000000000000000000000000000000000000000000000000000000000000000000000000000000000000000000000000000000000000000000000000000000000000000000000000000000000000000000000000000000000000000000000000000000000000000000000000000000000
中士保罗 6 8 0 0000010000000000000040004400000400003000000000000000000000000000000000400404000000000000000000000000000000000000000000000000000000000000000000000000000000004000000000000000000000000000000004000000000000000000000000000000000000000000000000000000000000000000000000000000000000000000000000000000000000000000000000000000000000000000000000000000000000000000000000000000000000000000000000000000000000000000
列兵兰斯 6 6 0 0000010000000000000040004400300300302000000000000000000000000000000000400404000000000000000000000000000000000000000000000000000000000000000000000000000000004000000000000000000000000000000000000000000000000000000000000000000000000000000000000000000000000000000000000000000000000000000000000000000000000000000000000000000000000000000000000000000000000000000000000000000000000000000000000000000000000000
右拳乔伊斯 2 12 0 0100000000000000000030003400000300000000000000000000000000000202104134000000000000000000000000000000000000000000000000000000000000030000000000000000000000002000000000000000000000000004000000000000000000000000000000000000000000000000000000000000000000000000000000000000000000000000000000000000000000000000000000000000000000000000000000000000000000000000000000000000000000000000000000000000000000000000
青龙道格拉斯 2 10 0 0100000000000000000040003400000300003000000000000000000000000302104124000000000000000000000000000000000000000000000000000000000000020000000000000000000000003000000000000000000000000000000000000000000000000000000000000000000000000000000000000000000000000000000000000000000000000000000000000000000000000000000000000000000000000000000000000000000000000000000000000000000000000000000000000000000000000000
黑风莫尼卡 8 7 0 0000000100000000000040000000000300040423000000000000000000000000000000000000000000000000004040300002000000000000000000000000000000020000000000000000000000000000000000000000000000000000000000000040000000000000000000000000000000000000000000000000000000000000000000000000000000000000000000000000000000000000000000000000000000000000000000000000000000000000000000000000000000000000000000000000000000000000
叛逆弗里达 8 7 0 0000000100000000000040000400002400000023000000000000000000000000000000000000000000000000002030200032000000000000000000000000000000020000000000000000000000003000000000000000000000000000000000003000000000000000000000000000000000000000000000000000000000000000000000000000000000000000000000000000000000000000000000000000000000000000000000000000000000000000000000000000000000000000000000000000000000000000
宝库珍娜 1 12 0 1000000000000000000000030000000000000000000000000000000000000302104244000000000000000000000000000000000000000000000000000000000000020000000000000000003000013000040000000000000000000040000000000000000000000000000000000000000000000000000000000000000000000000000000000000000000000000000000000000000000000000000000000000000000000000000000000000000000000000000000000000000000000000000000000000000000000000
可汗黛比 1 11 0 1000000000000000000040003400003400000203000000000000000000000000204044000000000000000000000000000000000000000000000000000000000000020000000000000000000000000000000000000000000000000000000000000000000000000000000000000000000000000000000000000000000000000000000000000000000000000000000000000000000000000000000000000000000000000000000000000000000000000000000000000000000000000000000000000000000000000000
